[gd_scene load_steps=6 format=2]

[ext_resource path="res://Scripts/Map.gd" type="Script" id=1]

[sub_resource type="BoxShape" id=1]

[sub_resource type="CubeMesh" id=2]

[sub_resource type="SpatialMaterial" id=3]
albedo_color = Color( 0, 0, 0, 1 )

[sub_resource type="Curve3D" id=4]
_data = {
"points": PoolVector3Array( -0.00578529, 4.14885, 0.325202, 0.00578529, -4.14885, -0.325202, 0, 14.977, 13.9724, 0, 1.13816, 4.87132, 0, -1.13816, -4.87132, 0, 2.24838, 3.77244 ),
"tilts": PoolRealArray( 0, 0 )
}

[node name="Map" type="Spatial"]
script = ExtResource( 1 )

[node name="Floor" type="StaticBody" parent="."]
transform = Transform( 50, 0, 0, 0, 1, 0, 0, 0, 50, 0, -1, 0 )

[node name="CollisionShape" type="CollisionShape" parent="Floor"]
shape = SubResource( 1 )

[node name="MeshInstance" type="MeshInstance" parent="Floor"]
mesh = SubResource( 2 )
material/0 = SubResource( 3 )

[node name="DirectionalLight" type="DirectionalLight" parent="."]
transform = Transform( 0.460956, -0.708475, 0.534399, 0.125659, 0.648234, 0.751001, -0.878482, -0.279026, 0.387833, 40, 37.3738, 30 )
shadow_enabled = true

[node name="CameraScrollPath" type="Path" parent="."]
curve = SubResource( 4 )

[node name="CameraTrolley" type="PathFollow" parent="CameraScrollPath"]
transform = Transform( -0.9999, 0.0140058, 0.00132856, 1.16415e-10, 0.0944343, -0.995524, -0.0140687, -0.995433, -0.0944243, 0, 14.977, 13.9724 )
rotation_mode = 4

[node name="Camera" type="Camera" parent="CameraScrollPath/CameraTrolley"]
transform = Transform( -0.999906, 0.0118636, -0.00684943, 0.0136344, 0.910307, -0.41371, 0.00132702, -0.413765, -0.910384, -0.000378355, -0.0252562, -0.0255928 )
current = true
