[gd_scene load_steps=5 format=2]

[ext_resource path="res://Map.gd" type="Script" id=1]

[sub_resource type="BoxShape" id=1]

[sub_resource type="CubeMesh" id=2]

[sub_resource type="SpatialMaterial" id=3]
albedo_color = Color( 0.372549, 0.372549, 0.372549, 1 )

[node name="Map" type="Spatial"]
script = ExtResource( 1 )

[node name="SpotLight" type="SpotLight" parent="."]
transform = Transform( 0.98834, -0.0113156, -0.15184, 0.152261, 0.0734507, 0.985607, 5.96046e-08, -0.997235, 0.0743172, -1.86054, 10, 2.14841 )
visible = false
spot_range = 17.9272
spot_angle = 50.9421

[node name="Origin" type="Position3D" parent="."]

[node name="Camera" type="Camera" parent="Origin"]
transform = Transform( 1, 0, 0, 0, 0.5, 0.866025, 0, -0.866025, 0.5, 0, 13, 11 )
current = true

[node name="Floor" type="StaticBody" parent="."]
transform = Transform( 50, 0, 0, 0, 1, 0, 0, 0, 50, 0, -1, 0 )

[node name="CollisionShape" type="CollisionShape" parent="Floor"]
shape = SubResource( 1 )

[node name="MeshInstance" type="MeshInstance" parent="Floor"]
mesh = SubResource( 2 )
material/0 = SubResource( 3 )

[node name="DirectionalLight" type="DirectionalLight" parent="."]
transform = Transform( 0.460956, -0.708475, 0.534399, 0.125659, 0.648234, 0.751001, -0.878482, -0.279026, 0.387833, 40, 37.3738, 30 )
shadow_enabled = true
